a<- c(5,4,6,5)
b<- c(56,45,67,2)
